660	479
3366	525
2351	38
3278	606
4	341
50	277
2101	55
64	597
2161	616
114	1066
2175	871
129	366
2178	1070
2184	991
140	384
2189	35
2190	185
157	872
158	1114
160	44
167	1075
2218	5
2228	99
2236	536
204	514
2267	32
241	677
2293	176
2296	763
2303	623
2306	1098
2317	1094
276	118
2352	430
2364	588
2391	129
2411	734
386	274
2441	40
396	893
2449	846
425	377
438	721
2487	578
444	687
2510	789
488	806
2552	195
518	986
549	438
550	1017
554	150
568	214
2623	373
583	557
615	708
2667	292
626	1013
2676	1062
2678	824
2689	567
2696	927
703	362
719	684
2789	1015
746	640
2798	275
798	866
832	323
833	206
837	1049
842	810
2895	661
864	370
881	689
884	48
2933	750
2941	337
2968	485
2971	576
933	1009
961	644
3009	739
3010	794
3033	886
3037	66
995	183
1001	867
1013	825
1046	324
3104	561
3107	540
1107	296
3162	368
3163	103
3185	147
1142	18
1159	500
3207	1019
3210	939
3212	537
1227	349
1236	408
1252	650
3313	963
1273	241
3341	172
3363	86
1316	565
1343	455
3399	971
1367	720
3430	1037
1397	710
3449	404
1432	1032
3480	1020
1437	993
1452	290
3505	158
1461	94
3510	266
3518	756
3520	757
3527	464
1485	987
3560	981
1518	184
3568	1085
1522	483
3590	452
3594	436
3595	367
3619	729
3654	110
1654	122
1688	409
3736	804
3741	925
1704	1092
3758	112
3777	107
3793	492
3813	1012
1780	793
3846	1112
1801	309
3858	882
1828	755
1838	863
1847	860
1851	444
1881	453
1890	249
1978	369
1986	314
2000	889
2020	632
2803	322
2639	250
1294	914
3317	581
1262	62
1582	7
1680	441
3040	422
194	75
2371	204
1542	980
1596	808
3244	1086
1539	174
3588	333
2570	53
2059	166
530	591
1043	638
3109	387
39	19
1592	419
570	132
2138	504
1639	791
630	179
3717	897
2182	498
649	641
152	288
665	415
3755	768
710	849
200	801
2763	481
3797	600
741	906
1765	1115
2794	609
3820	263
3824	723
758	240
1785	301
2810	356
3329	319
780	454
3345	381
2339	771
1844	998
319	46
831	221
1886	160
3431	984
1391	692
1422	334
1436	957
2491	969
2493	352
2509	696
980	1118
3543	683
3068	698
2578	399
3240	816
1733	283
717	686
227	345
250	307
2347	753
3888	915
2360	499
420	1048
2994	575
2028	1014
908	916
1679	802
922	1038
926	495
1701	273
807	394
312	245
1721	434
2747	59
446	1065
2257	827
3296	180
868	949
1127	191
1265	476
1933	1063
1940	363
3124	1076
3613	876
3108	769
3118	614
3635	579
565	523
2629	819
2637	512
1624	64
3699	289
629	1054
1674	123
2200	190
2755	1043
3788	534
718	858
2256	13
2275	329
230	707
2804	610
1302	656
2328	675
3359	219
338	74
350	577
1381	211
1894	456
910	740
1471	732
3047	997
2546	979
2039	105
872	664
2675	302
3728	261
2323	194
671	242
1188	613
2085	693
3116	884
3003	478
3004	145
1600	658
2115	547
2251	775
2765	604
3196	624
2014	3
3170	92
3048	285
2550	727
1	574
3	36
2053	618
5	440
11	631
2068	752
21	513
28	77
29	68
30	524
35	667
36	1083
43	236
2093	938
2105	1005
67	589
2118	421
73	834
88	260
2137	276
94	894
101	518
2154	738
2155	1079
110	694
2162	8
2170	526
143	911
146	410
175	1010
182	1105
189	149
191	892
193	1058
197	39
201	974
203	960
2259	385
221	521
2270	243
224	748
2272	1101
232	1072
233	630
234	207
2292	412
2300	406
275	805
282	21
2331	467
2333	96
294	202
2348	573
302	713
305	480
2376	570
336	702
2389	313
2395	976
2410	54
363	161
2417	237
415	114
421	942
2470	1033
452	389
453	365
461	1078
463	198
469	175
473	736
479	731
2529	662
483	733
487	400
493	850
498	67
505	1068
521	838
526	904
2575	339
2577	1104
2585	620
2589	1046
545	926
2600	773
560	883
576	442
577	186
578	934
2627	252
597	544
609	189
2685	287
2686	596
2694	282
667	857
673	205
2722	779
2724	218
679	660
698	321
2749	947
706	1071
2754	1044
708	372
2762	17
2768	669
2775	743
731	636
2807	988
2814	325
2820	397
2824	396
2828	392
2829	995
2837	23
2842	809
796	865
2854	407
2859	762
816	1108
828	994
829	78
830	79
859	131
861	371
866	831
2914	517
2921	1117
879	940
902	607
923	553
2980	847
935	887
2986	475
2992	935
2993	590
3000	515
3015	101
971	25
973	20
975	767
3029	966
3054	975
1018	398
3079	699
3080	1102
1036	678
3094	134
1048	814
3096	226
3098	390
1057	899
1063	1100
1065	649
3114	648
3126	560
3143	999
1102	295
1114	709
1131	294
1135	28
1140	681
1141	281
3189	494
1167	900
3219	803
3224	445
3243	510
1199	924
3250	586
1203	164
3272	26
3274	1051
3286	24
1242	254
3295	595
3297	448
1259	459
1261	622
1266	244
1287	844
3354	88
1313	835
3388	312
1350	1011
3400	930
1354	450
3408	348
1368	516
1374	878
3425	427
3434	432
1390	353
3467	466
3489	111
3492	461
1449	788
1454	813
3530	841
3551	653
3557	569
3604	760
1557	751
1558	272
1569	826
3625	458
1578	1107
1580	1099
1603	854
3670	316
1657	120
3705	148
3715	6
3724	919
3726	891
3734	905
1698	429
1699	741
1703	193
1710	230
1714	968
1725	603
3776	690
1737	668
1747	395
1769	1088
3819	433
1778	297
3834	585
1791	247
1798	545
3850	413
3852	538
1807	1097
3875	829
3880	828
3883	1029
3884	248
1845	52
3896	642
1866	1001
1884	890
1892	37
1955	14
1971	1036
1994	139
2004	703
2032	200
2040	140
2044	141
3200	531
3785	1006
1133	16
3835	308
1122	593
1480	666
2451	777
3603	933
3418	2
732	60
2269	785
1663	30
3049	592
2156	716
2896	877
1300	1025
2492	1056
3417	717
3563	484
3401	1045
346	797
2207	896
385	663
1220	113
2247	901
8	501
3085	691
3608	954
1105	343
3674	270
1826	543
307	1000
3577	151
2461	800
564	511
1079	1022
2617	304
1594	674
321	1087
2891	903
848	431
2279	328
3182	209
886	941
1406	700
3463	216
3787	306
228	749
2945	234
771	647
3841	173
779	556
2569	965
3352	730
3869	1008
685	550
2991	1028
3396	199
3655	109
3783	888
1139	217
1911	555
122	232
3612	643
3364	11
2483	1060
316	457
335	503
2140	985
759	239
3310	474
631	923
1025	782
2566	652
534	839
1976	142
2494	795
2249	468
1100	907
3534	223
1111	317
1117	291
878	973
3453	952
71	582
2050	201
17	157
20	192
2079	594
40	902
41	133
45	823
49	845
2097	697
65	102
2119	215
2130	552
86	127
2139	1084
2147	695
117	374
119	238
126	833
2176	784
2193	51
147	33
148	383
154	879
2208	711
2243	63
196	382
212	646
215	747
222	645
2277	106
2278	305
2291	411
247	566
2297	659
255	962
2304	625
257	235
2344	177
300	912
2362	170
331	970
2381	159
342	65
2400	58
2408	56
2412	843
2414	1089
2428	672
390	336
2447	520
2453	212
411	246
434	673
2507	121
471	93
472	735
2520	1080
2521	964
475	91
486	728
2539	50
2541	936
2548	414
502	262
508	880
516	258
2571	776
531	135
2584	1021
538	418
559	921
2613	97
587	70
599	104
601	812
608	571
2658	910
614	490
624	637
2687	634
640	848
641	1055
2693	922
2698	1023
653	989
2725	725
690	361
2738	944
692	551
705	1040
2764	605
734	680
2782	303
747	869
748	959
753	874
776	559
782	1067
2836	416
2864	558
2881	81
846	393
2902	1081
900	57
2954	165
2957	1018
2959	946
924	391
2972	943
2982	864
2997	1090
962	1077
966	817
972	861
978	1109
3030	715
1003	815
3055	761
3067	1064
3087	355
1050	327
3106	746
3110	885
1068	360
3129	612
1086	489
3137	983
1099	31
3149	881
1120	154
1126	533
3192	146
1153	144
1172	1035
3234	870
3245	764
1215	376
3276	792
3290	227
1258	1026
3314	269
1278	344
1282	1057
1283	770
1303	655
1304	351
3370	635
3377	310
3380	701
1337	1096
1338	43
1339	1053
3391	1031
1344	918
1356	265
1357	278
1362	519
1393	507
3461	909
3487	42
1447	564
1456	482
1457	1095
3511	465
1465	992
3538	820
1510	563
1532	1110
3598	873
3609	233
1564	45
3611	875
1567	264
3614	386
1573	1103
3639	628
3645	928
3651	267
1641	125
3698	572
1664	126
1673	119
1678	128
1681	347
1717	85
1718	72
3774	726
1727	403
1731	401
3789	311
1748	719
3806	472
1773	821
1788	439
3845	229
3855	378
3867	271
1829	539
1836	350
3895	251
1869	1016
1897	766
1917	298
1962	601
1966	10
1996	704
2009	931
2018	633
2038	996
2187	171
622	920
546	832
2943	948
3887	722
914	493
2517	69
3056	280
1218	9
709	357
2027	535
1554	169
3379	587
3227	542
2558	913
2255	27
1515	182
3460	1027
1416	549
172	505
1629	463
3424	982
1536	197
2564	470
2567	856
533	840
1052	548
2602	299
1070	268
1599	778
2631	155
3661	651
2141	1041
1633	955
2679	187
2194	611
1183	765
1697	1042
2212	895
3756	602
181	460
3263	759
2241	527
711	358
713	379
728	108
3810	790
1253	320
749	326
2288	222
3312	509
1797	546
278	868
3865	1073
1323	153
3901	73
320	497
2907	972
1898	253
1392	508
1402	1061
2953	1
424	502
1973	737
441	679
964	22
3131	714
2703	208
2948	554
610	836
1027	781
3332	956
231	754
2951	213
3630	1059
1812	745
3860	375
3866	451
3421	705
3583	203
1734	405
3092	1074
2713	488
666	670
1179	617
2128	958
1011	1116
2437	136
2195	196
2581	786
647	1030
2956	528
1806	163
31	822
3362	90
1967	293
2735	420
1074	1003
3254	580
3258	279
2240	584
76	619
1230	477
3800	851
3804	654
2276	168
1652	364
762	621
2557	830
2061	1002
1039	718
3344	435
273	116
937	225
2745	1052
1477	89
2892	1082
89	1050
3309	1034
2688	286
131	423
2692	783
1796	437
2310	626
397	346
1040	639
1936	807
2192	137
2320	665
2704	945
153	380
2973	259
2594	852
2473	449
943	224
2866	471
948	426
3637	937
968	167
1224	629
2253	95
3668	772
3292	608
3294	331
1503	898
2399	1004
355	799
1379	953
367	1039
1269	742
1401	724
639	446
1285	486
1349	47
1060	811
768	12
2048	138
1157	530
1030	977
142	335
3350	1069
1946	130
541	932
1695	428
3618	462
1315	332
1577	506
810	855
1579	1106
2477	210
2480	780
1329	41
3506	1111
3762	908
2870	758
1848	443
3644	676
3781	657
3275	71
1620	682
1373	961
2533	712
3574	338
2299	688
1037	231
93	744
2626	255
451	388
607	447
1098	340
1802	583
1908	599
763	529
2063	100
2642	29
1670	917
3205	496
656	1024
1685	425
1686	424
2760	853
3794	284
3283	220
3817	188
1771	862
1776	300
785	1091
1317	124
819	76
835	61
836	80
3438	162
2419	615
917	83
419	685
989	818
993	842
1511	181
2596	402
3153	522
54	98
2464	473
252	256
2563	562
1934	152
3629	787
2776	1047
3035	156
3187	487
290	228
219	627
1033	990
3091	798
2072	1007
1565	796
3117	115
1085	859
3133	1093
579	417
3152	929
1617	774
1627	671
1124	15
3683	34
2150	950
2153	706
637	541
166	318
3298	978
3300	491
1263	359
265	257
2315	84
3343	4
1824	951
812	49
2355	568
2363	354
2369	1113
2379	967
3471	330
949	532
952	178
3512	837
2536	598
3059	87
289	117
207	342
1608	469
422	143
267	315
2319	82
